20 40
104 60 59 108 68 123 149 67 138 146 58 144 77 112 115 89 93 141 114 146
6 1 3 4 9 10 19
5 2 3 7 9 14
7 2 4 5 7 12 18 19
6 6 9 10 12 17 18
5 0 1 2 17 19
5 2 8 11 14 19
6 8 10 12 15 17 18
9 0 4 5 8 11 13 14 15 19
9 1 3 5 6 8 9 13 17 18
5 2 6 7 9 15
7 0 3 6 10 13 17 18
9 0 2 3 4 5 8 12 16 17
7 3 5 8 11 14 16 18
5 0 4 9 10 16
6 1 5 10 13 15 18
5 1 3 5 6 18
9 2 3 4 7 9 11 13 14 19
7 3 4 6 7 11 15 18
8 3 8 10 11 13 15 16 19
6 2 9 12 14 15 17
8 5 7 10 11 13 15 18 19
8 0 2 5 6 9 10 12 18
8 1 2 3 12 14 15 17 19
6 1 7 11 13 16 19
8 0 2 3 6 7 14 17 19
5 4 5 10 11 12
8 1 3 5 8 9 12 13 16
6 1 5 6 10 15 18
8 0 3 5 7 8 9 11 14
6 5 6 8 10 11 19
6 0 6 12 15 16 19
5 6 8 13 14 16
5 4 5 6 14 18
9 0 1 4 5 9 10 11 17 18
5 1 6 12 13 15
9 1 2 3 4 9 10 12 16 17
8 0 5 6 8 9 14 15 18
7 4 8 9 14 16 17 19
9 3 4 5 6 9 11 14 15 16
5 7 8 13 15 17