50 80
52 125 97 100 123 119 60 55 107 93 64 139 84 132 89 126 79 56 72 145 57 57 136 107 78 78 63 101 84 106 101 138 81 100 88 107 70 98 112 127 141 79 68 75 113 60 103 94 66 125
14 0 6 11 19 25 26 32 34 39 41 45 46 47 48
16 5 7 9 14 21 23 25 26 28 29 30 36 42 45 46 49
11 4 11 20 23 30 36 39 41 43 44 46
15 4 8 12 13 17 20 22 23 30 31 33 38 39 40 42
14 0 2 7 8 11 13 16 20 23 24 25 31 35 45
15 0 3 4 7 13 16 17 19 21 23 29 30 35 39 41
17 3 4 6 7 8 14 17 22 24 26 30 33 34 35 40 44 46
9 3 10 13 17 22 36 45 46 47
14 11 14 15 17 23 24 25 29 32 39 40 43 46 49
14 0 3 5 8 14 21 32 33 34 39 44 46 47 49
17 3 6 7 8 9 10 11 12 13 22 23 24 27 31 39 40 41
10 4 6 13 14 18 23 38 43 45 47
15 4 12 13 23 24 25 26 28 31 32 34 37 42 44 49
16 0 3 6 7 15 24 27 31 34 35 38 40 44 45 47 48
15 0 1 3 8 10 13 14 19 21 22 25 33 34 36 39
11 0 7 10 13 15 21 28 31 36 42 45
15 0 2 5 8 10 11 13 22 30 32 37 39 40 42 44
16 2 3 4 11 13 17 18 21 22 28 35 36 38 43 48 49
9 6 10 15 17 18 31 32 34 45
17 1 2 3 7 17 18 20 22 24 25 27 28 29 32 36 43 45
15 1 2 3 5 10 15 17 20 24 31 32 42 43 44 46
9 6 12 20 22 29 30 37 44 45
12 1 5 9 13 15 16 24 25 28 30 43 44
17 1 3 5 10 12 13 15 16 18 19 23 33 34 35 36 39 40
9 8 12 14 22 30 42 44 47 49
9 4 8 14 17 22 25 35 46 48
10 2 8 9 10 17 21 26 35 39 41
16 1 2 4 5 7 9 10 14 20 28 30 33 34 38 41 48
14 0 9 12 13 14 19 24 25 38 39 40 42 43 46
14 0 1 6 10 13 15 17 18 19 25 41 45 46 48
14 2 14 16 20 21 23 27 28 31 34 35 41 44 46
9 0 3 8 16 27 37 38 39 41
10 6 8 10 16 24 25 35 40 43 46
10 12 21 25 26 28 33 34 41 42 47
17 1 8 9 10 16 19 21 23 27 29 30 31 33 34 40 41 43
10 1 11 13 20 28 30 38 43 45 46
12 3 5 20 21 22 28 29 33 34 40 46 48
16 2 6 9 12 13 16 17 19 22 23 27 30 36 38 45 49
14 0 3 4 12 14 16 20 21 35 36 40 42 44 49
9 2 23 27 36 37 39 42 46 49
14 4 8 9 11 13 19 20 24 30 32 33 38 43 46
12 1 2 4 10 26 27 28 30 31 34 36 44
14 0 1 8 10 13 14 17 20 22 27 32 36 39 49
11 0 3 7 10 19 21 23 28 31 33 42
10 0 8 13 14 30 31 36 43 44 48
15 3 4 5 8 11 12 23 25 27 31 35 36 37 38 44
13 1 2 6 9 10 12 24 28 34 37 38 39 47
12 5 7 10 12 22 23 27 28 38 40 41 45
12 1 12 14 16 19 20 22 25 26 29 36 47
15 3 8 14 16 23 25 26 27 29 35 39 43 47 48 49
11 4 7 12 13 20 21 27 28 35 37 42
17 1 3 4 8 9 13 16 28 29 30 31 34 35 40 43 45 46
10 9 17 22 27 28 33 34 35 41 49
15 1 7 11 12 15 16 27 32 33 34 36 44 47 48 49
9 1 2 10 11 26 32 40 41 49
9 6 7 11 13 14 18 29 33 46
12 0 1 7 15 18 19 28 35 40 45 47 49
15 0 1 4 11 12 13 14 16 26 29 32 38 40 43 44
15 2 4 5 7 10 13 16 17 20 22 24 26 34 39 40
11 3 5 7 13 16 18 34 36 39 40 45
17 0 1 2 19 22 24 25 27 28 30 32 34 35 36 37 45 47
14 2 3 8 13 14 20 21 24 28 33 37 39 41 44
16 0 4 13 17 18 19 26 27 29 32 33 37 42 44 47 48
11 7 8 11 12 13 14 27 28 33 40 43
9 1 2 4 7 8 24 28 33 49
17 0 1 2 4 5 6 7 8 11 16 21 23 32 33 36 40 44
15 0 4 7 14 20 22 23 24 26 27 33 34 39 47 48
17 4 5 14 16 17 21 24 26 31 32 33 41 42 43 47 48 49
16 4 6 9 11 13 15 16 17 26 29 32 38 42 46 47 48
13 7 8 9 10 12 14 15 20 22 23 36 38 46
14 0 10 11 14 16 21 24 28 29 33 35 43 45 47
14 0 1 2 8 11 12 17 18 27 32 37 38 43 48
15 0 3 5 6 8 22 23 25 26 28 29 41 42 44 46
15 4 5 18 20 21 27 28 29 30 31 32 42 44 47 49
11 6 9 10 12 18 19 21 32 43 46 48
16 2 3 6 7 11 13 15 18 24 25 31 32 34 37 42 48
17 1 6 8 11 14 15 16 20 24 25 33 35 42 43 45 47 49
10 7 8 12 13 22 26 36 37 44 45
10 7 15 16 17 22 25 26 35 42 48
16 4 10 12 19 22 24 26 29 30 36 37 39 40 43 44 47