40 70
142 111 133 89 141 97 100 145 67 145 83 109 107 136 52 101 110 97 134 94 50 145 141 50 71 103 59 69 123 72 87 116 133 71 55 77 118 57 124 87
10 1 2 7 14 19 22 27 31 38 39
14 1 7 10 11 12 18 19 22 24 25 26 27 30 35
8 1 21 22 25 27 31 36 39
15 1 3 7 9 10 16 21 22 26 27 31 32 34 37 39
13 0 2 5 7 9 13 14 15 17 25 28 31 32
13 5 6 9 11 17 19 22 25 26 27 29 34 37
8 1 10 11 16 21 24 27 33
11 1 5 7 19 22 23 24 29 33 34 37
14 0 2 3 6 14 17 18 19 21 22 23 25 37 38
13 5 8 9 11 14 16 17 20 22 29 33 36 38
15 1 9 10 12 18 20 21 22 23 24 25 28 31 35 38
14 3 10 14 15 18 19 20 22 23 30 32 33 34 36
11 2 6 11 18 19 21 26 27 32 34 38
9 0 3 10 12 14 17 26 27 38
13 1 5 8 10 13 14 18 20 22 24 29 34 39
9 6 7 8 15 17 20 28 35 39
10 0 11 13 17 20 26 31 35 36 37
10 1 4 15 16 17 23 24 30 31 38
15 0 1 2 4 9 10 11 15 16 17 18 20 24 26 29
15 0 1 3 4 6 16 24 25 26 32 33 34 35 36 37
13 1 3 6 9 13 15 19 21 25 28 30 31 36
9 0 4 5 12 13 16 19 28 34
15 0 9 11 13 14 16 20 21 23 33 34 35 37 38 39
15 4 7 8 10 14 15 18 20 21 22 25 26 28 37 39
12 1 8 10 11 15 17 21 25 28 31 33 34
13 2 4 8 9 10 13 15 18 22 27 30 33 38
10 9 15 16 17 18 23 25 33 37 39
11 10 12 13 14 15 16 19 22 24 26 31
10 3 7 9 12 16 18 19 28 32 35
14 0 2 3 7 16 17 20 23 28 29 30 33 37 38
12 2 5 8 10 15 20 23 26 27 32 34 37
11 3 5 6 9 17 21 22 23 29 33 36
8 8 10 11 14 18 27 29 31
9 0 1 8 15 23 26 29 36 37
13 0 5 7 12 14 15 16 17 21 28 37 38 39
11 1 6 8 9 10 14 16 25 28 33 36
15 1 3 7 8 10 11 13 19 21 27 30 33 36 37 39
12 2 3 7 9 12 17 18 21 27 30 34 35
9 7 8 10 12 27 28 29 33 34
15 3 7 10 11 13 14 15 20 25 29 32 33 35 36 37
8 6 8 14 22 23 27 28 37
9 0 1 2 8 18 21 22 37 38
10 1 3 6 12 13 18 21 33 36 38
10 0 3 8 9 11 12 13 19 29 38
13 0 1 7 11 12 15 18 20 21 24 30 33 37
9 4 10 15 17 18 29 31 34 35
9 2 3 4 9 12 13 14 29 38
8 2 6 15 16 25 31 33 36
8 0 1 5 6 18 25 34 36
12 5 13 15 19 21 26 29 30 31 36 37 39
9 2 6 12 15 18 20 30 33 38
11 6 9 14 16 19 24 27 28 30 38 39
8 0 1 4 19 20 22 26 37
9 0 5 12 17 19 20 26 38 39
14 6 7 8 9 13 18 19 22 25 28 29 35 36 39
14 3 6 7 10 11 14 19 26 29 31 33 34 38 39
15 1 6 8 9 11 16 19 20 21 22 24 26 27 36 37
15 2 5 6 11 14 16 18 22 25 28 32 33 37 38 39
11 1 4 15 19 20 21 22 31 32 33 39
11 5 12 13 16 20 23 24 27 28 31 36
13 2 4 11 13 15 18 22 24 28 29 30 33 36
11 3 5 6 8 15 16 17 19 22 26 28
13 0 1 5 6 10 12 14 16 18 22 28 36 38
14 0 1 2 5 7 11 17 20 22 26 27 29 34 38
9 0 1 4 7 8 9 18 33 35
13 2 4 5 10 12 13 17 18 25 26 28 31 38
9 1 11 15 17 22 27 28 38 39
13 1 4 6 8 10 11 15 20 21 23 29 30 34
15 9 10 11 12 18 21 22 24 30 31 32 35 37 38 39
11 6 9 12 14 22 24 26 31 36 38 39