30 50
108 129 62 137 116 62 136 87 124 124 84 114 115 83 122 75 97 146 134 59 71 65 80 59 94 94 135 148 122 64
8 4 5 6 15 20 23 25 27
7 0 3 10 12 13 14 19
11 1 2 4 10 12 19 25 26 27 28 29
9 1 5 6 10 11 19 25 26 27
10 1 3 4 6 11 13 18 19 28 29
11 0 3 7 8 16 19 20 22 25 26 28
10 0 1 2 10 19 24 26 27 28 29
7 3 8 11 20 22 23 26
9 1 2 4 12 13 15 20 24 26
6 5 6 9 10 21 26
9 5 6 8 11 16 18 20 21 24
7 10 12 20 23 27 28 29
6 7 16 20 22 26 27
6 1 2 9 17 21 22
6 0 8 12 16 21 27
9 1 9 10 12 18 23 25 26 29
7 4 8 11 12 13 23 29
6 5 8 12 16 20 28
10 1 9 10 13 14 18 22 23 28 29
11 3 11 12 13 14 15 18 19 22 27 28
10 7 9 11 12 16 17 20 22 23 26
11 0 3 5 8 15 18 20 21 27 28 29
8 6 7 9 15 16 17 20 25
9 2 9 11 14 16 18 22 27 29
11 1 2 4 8 11 12 22 24 25 26 27
10 3 6 7 9 14 18 22 24 25 26
7 0 11 13 14 17 20 22
9 3 4 8 9 14 18 22 23 28
11 0 1 3 6 9 13 18 19 20 24 26
9 1 5 7 8 9 11 13 24 25
6 0 2 3 4 5 19
10 2 3 7 15 16 17 18 23 24 25
9 2 5 10 13 15 18 20 25 26
9 7 9 11 12 18 20 25 26 28
9 0 1 4 11 17 24 25 27 29
7 2 9 12 18 22 26 28
7 1 2 11 14 15 17 20
9 5 9 17 19 20 21 23 25 29
6 5 6 8 15 19 27
9 0 3 4 8 9 11 18 27 28
8 0 5 8 17 18 23 25 26
11 7 8 9 10 13 14 15 21 22 25 27
9 1 3 7 13 20 22 23 26 27
7 3 8 9 17 19 22 23
9 5 7 8 12 13 22 23 26 28
11 1 6 7 8 11 13 19 20 21 24 29
7 2 4 5 10 11 20 26
6 13 18 19 21 23 28
6 1 4 8 15 18 26
8 1 2 3 5 6 13 15 18