60 120
26 52 14 24 48 14 67 76 47 64 62 43 42 24 13 82 86 50 73 30 63 54 79 1 35 40 12 100 78 95 14 55 46 79 79 94 93 97 21 91 61 83 86 2 58 98 84 95 99 8 76 62 61 54 14 48 46 25 99 75
16 2 3 5 10 17 19 23 26 31 32 38 42 44 52 56 59
21 1 6 11 13 15 17 18 22 23 24 30 32 34 35 36 37 39 46 47 49 58
19 1 9 11 12 14 15 17 20 26 29 35 38 40 41 43 46 48 52 57
14 13 14 15 17 23 25 29 30 33 41 44 50 56 57
13 3 7 8 14 29 31 37 38 39 49 50 51 52
15 0 4 9 11 12 14 17 20 24 29 35 40 42 47 54
17 0 4 9 10 12 15 16 23 26 27 32 35 39 43 44 47 52
15 6 7 9 14 15 17 25 32 34 36 39 42 44 46 55
16 2 9 14 16 18 19 35 36 40 41 43 47 48 49 53 54
17 3 6 9 23 24 26 29 32 33 34 35 38 39 40 52 55 58
15 3 4 5 8 10 13 21 22 23 36 39 40 53 54 55
15 5 9 17 18 19 28 35 37 39 40 50 52 54 57 59
15 1 4 10 11 14 16 20 22 25 29 46 50 51 56 57
21 3 4 12 17 26 31 35 36 41 42 43 44 45 46 47 48 51 52 54 56 58
22 2 7 9 16 17 18 19 20 21 26 32 33 34 35 37 39 46 48 53 55 57 59
21 1 10 13 14 15 16 21 23 27 30 31 35 36 37 39 43 44 47 48 54 58
16 6 13 14 17 18 19 21 23 24 31 35 40 45 54 55 56
19 0 7 8 21 22 27 29 30 32 35 37 42 43 45 46 48 55 56 57
22 0 6 8 11 12 14 16 20 27 28 31 32 33 34 40 41 45 47 48 51 53 56
16 1 3 7 8 10 14 15 16 21 26 33 41 42 43 51 54
20 2 6 7 9 10 14 17 18 20 21 24 25 28 30 31 33 47 49 51 57
19 0 2 8 10 13 16 17 19 20 21 22 25 27 31 35 37 39 48 58
21 1 2 12 15 21 27 28 29 30 32 33 34 36 39 42 43 45 46 49 50 59
20 4 6 7 9 10 11 13 17 18 19 24 25 29 34 36 45 47 49 50 53
20 2 4 6 8 14 18 19 21 23 24 31 32 33 37 38 40 45 55 56 57
15 0 2 5 9 13 17 22 27 30 32 36 44 49 51 56
18 3 7 10 11 13 14 19 20 24 25 30 31 40 44 51 55 57 59
24 2 3 5 8 11 16 17 18 23 26 27 29 34 36 37 38 40 44 49 50 53 57 58 59
21 2 3 11 14 20 21 24 25 27 32 33 34 35 41 44 47 49 52 53 56 58
15 3 5 6 8 9 13 18 21 23 34 35 38 41 42 56
14 7 10 18 19 24 27 30 32 33 34 40 42 50 56
15 4 5 9 11 12 16 17 18 19 22 36 37 38 44 47
24 1 3 6 7 8 10 14 17 19 21 24 26 27 28 30 32 34 39 43 50 53 56 57 58
23 2 4 6 7 8 11 12 14 15 20 23 28 30 33 35 36 40 43 44 46 50 58 59
22 1 3 4 9 13 14 23 28 32 33 36 38 39 40 45 46 47 48 52 53 54 55
19 2 3 6 9 11 13 15 20 22 24 25 28 30 33 37 42 43 49 53
19 0 1 3 6 7 8 9 14 16 19 20 21 23 33 35 39 45 50 56
20 0 5 8 11 17 25 29 31 34 36 40 42 43 44 45 46 48 51 55 56
23 0 1 2 4 6 9 10 13 15 24 25 27 28 29 35 36 38 39 41 48 50 51 54
25 0 7 10 12 19 22 26 27 28 29 30 33 39 40 41 43 44 45 48 50 52 53 54 56 59
21 1 2 5 9 14 15 20 27 28 33 36 39 41 42 43 47 48 51 52 57 58
14 4 6 7 8 16 21 28 32 33 38 55 56 57 58
16 1 10 14 15 23 36 39 44 46 48 49 51 52 53 54 59
18 1 2 5 10 15 16 17 20 26 32 33 41 42 45 46 50 52 54
25 0 2 3 4 5 6 11 12 13 16 18 20 28 32 34 35 40 42 43 49 50 51 53 55 56
14 5 7 11 12 17 18 23 26 29 31 32 36 38 43
17 4 5 7 17 18 21 22 32 34 36 37 38 40 41 47 49 51
18 0 14 18 19 22 25 26 28 31 35 36 37 41 43 45 49 52 55
17 2 7 8 10 14 15 20 25 34 36 44 46 49 52 54 55 56
22 2 3 4 10 11 13 15 16 20 23 24 28 30 36 37 38 44 47 51 52 55 56
16 10 15 18 24 30 32 34 35 46 48 50 52 53 54 57 58
22 5 6 12 16 18 24 27 28 30 32 33 34 37 39 42 43 44 46 48 52 56 59
21 1 6 7 9 13 20 21 25 27 28 32 33 34 35 37 38 42 44 47 48 54
23 1 4 7 9 12 13 16 17 19 24 25 28 31 35 39 41 43 44 47 51 52 53 54
18 4 8 19 23 30 32 34 35 36 37 42 44 47 48 49 53 56 57
23 2 3 4 8 9 13 15 19 20 23 25 27 30 33 36 43 44 50 51 54 55 56 59
25 0 3 4 5 7 11 17 19 20 21 22 26 30 33 39 40 41 42 43 48 49 50 53 56 58
20 1 2 8 9 13 15 18 19 20 28 34 40 42 46 47 49 50 51 53 57
22 3 6 7 11 14 15 20 22 23 24 25 29 35 38 43 46 47 49 50 53 57 59
15 3 8 9 13 14 18 21 26 33 34 40 43 44 50 52
13 0 2 6 13 19 21 23 32 39 41 45 54 58
18 2 4 5 10 11 12 14 15 18 20 36 38 42 44 48 54 55 59
15 0 11 24 26 27 32 36 37 38 42 43 51 52 54 55
24 0 2 4 5 6 8 9 13 16 17 28 33 34 35 38 42 45 46 47 49 50 54 57 59
17 2 4 8 10 17 23 24 25 26 32 41 47 50 54 55 57 59
22 0 1 2 3 7 12 14 15 20 22 24 26 30 31 37 41 42 52 53 54 58 59
19 2 10 11 12 20 21 24 26 27 30 32 35 36 38 39 48 49 50 57
20 3 5 6 7 11 12 23 32 33 37 38 39 42 43 45 49 51 53 55 57
24 0 2 3 7 9 11 14 18 20 25 26 29 30 31 32 37 39 42 47 48 52 56 58 59
21 1 4 5 8 11 14 15 16 19 20 24 26 28 29 30 45 47 48 50 56 57
24 2 3 4 8 10 11 12 14 19 23 24 29 31 36 39 42 44 46 47 49 54 55 58 59
16 6 8 9 13 21 25 32 35 37 40 43 44 45 48 52 56
23 3 5 13 15 22 23 28 30 31 33 36 38 39 42 43 47 48 50 52 55 57 58 59
16 0 6 8 15 16 19 20 22 23 24 25 29 41 52 54 58
20 2 3 7 10 13 15 17 19 22 23 24 25 28 30 31 34 36 52 54 58
24 0 3 7 9 12 13 15 16 23 25 28 31 32 33 35 36 38 39 42 48 53 56 58 59
17 2 3 7 12 13 15 19 20 24 30 32 34 36 37 42 50 54
14 6 7 11 15 18 20 27 35 39 42 47 49 52 58
19 2 3 7 11 14 20 22 24 27 28 34 37 40 41 42 44 51 54 58
13 1 6 9 15 17 20 22 25 40 46 47 50 59
14 1 3 12 16 21 31 34 36 38 39 40 47 57 59
24 1 2 3 4 6 8 9 11 12 15 20 27 32 34 36 37 43 44 53 54 55 56 58 59
25 2 3 5 6 7 10 11 15 17 18 20 25 30 37 38 40 43 44 45 47 52 54 56 57 58
15 1 4 5 15 24 28 34 40 41 47 50 51 53 57 59
20 4 5 13 14 16 18 21 23 26 29 30 32 39 46 48 50 51 54 57 58
23 3 10 13 14 15 16 17 18 19 21 24 30 34 35 37 39 42 46 47 48 50 51 59
25 1 3 5 6 9 10 12 15 18 19 20 21 23 25 26 27 28 32 35 37 39 41 42 47 58
17 3 5 11 15 19 21 31 36 38 39 43 45 47 48 49 55 57
13 2 9 14 17 18 23 25 28 38 42 51 56 58
18 6 7 12 14 16 18 19 21 27 29 34 41 48 49 51 53 55 56
15 1 2 8 9 16 22 26 34 35 38 39 43 47 48 51
18 2 8 9 12 27 30 32 33 34 36 37 39 41 46 54 55 57 58
24 3 7 12 15 17 18 19 23 25 29 30 32 35 36 37 42 46 47 49 52 56 57 58 59
23 0 1 2 3 6 10 12 14 15 16 21 26 32 34 36 38 40 46 48 49 53 55 56
16 2 4 5 7 10 13 15 29 33 41 43 45 46 48 52 56
25 11 12 13 20 22 24 25 26 28 29 34 36 37 39 40 41 44 47 49 51 52 53 54 56 59
14 0 2 3 4 6 11 15 27 31 34 35 37 48 52
25 1 2 4 5 9 11 16 20 22 23 24 25 27 30 31 37 39 40 44 46 47 51 53 55 56
14 0 4 5 6 12 14 18 26 34 36 40 46 52 57
16 3 4 5 7 10 12 15 17 18 20 25 33 38 42 47 50
14 1 5 6 15 20 22 23 24 26 35 41 46 47 55
14 0 1 4 5 10 16 17 18 20 28 31 37 47 51
15 2 8 9 10 12 18 20 23 30 31 34 36 40 46 53
23 1 6 9 11 16 17 19 22 24 29 33 34 35 36 37 38 39 41 46 51 52 54 56
16 0 7 8 16 21 24 25 28 32 39 40 45 46 49 54 55
25 0 1 4 5 6 9 15 20 22 24 25 29 30 31 37 39 41 44 46 49 52 53 54 56 59
25 0 1 3 5 8 9 11 16 18 19 20 21 23 27 34 35 38 39 40 47 49 50 54 56 58
13 3 7 11 12 14 19 20 27 38 51 52 54 55
20 3 11 12 14 15 16 19 20 23 28 32 38 42 43 46 47 49 50 53 59
15 1 4 10 16 21 29 30 32 33 38 45 49 50 52 58
17 1 3 11 13 21 24 26 28 30 31 34 37 40 43 45 48 53
13 6 9 10 11 15 25 30 31 32 37 38 51 56
24 1 2 4 7 8 10 14 16 23 25 26 28 29 31 33 34 36 37 41 42 45 53 57 59
18 6 13 14 16 26 28 29 31 33 34 36 44 46 47 54 56 57 59
24 0 1 3 4 8 10 13 15 20 23 27 30 31 32 34 35 37 39 48 50 52 53 55 58
19 5 10 12 17 18 19 30 31 33 38 43 46 48 49 50 52 56 58 59
20 1 5 11 16 17 18 23 25 29 33 38 39 42 45 46 48 49 50 53 56
15 10 12 17 22 25 27 33 35 36 37 38 48 52 55 59
16 0 2 14 20 24 29 31 39 43 45 50 54 55 57 58 59
25 3 5 6 8 11 12 13 14 17 22 23 25 26 29 31 33 40 42 45 48 51 53 54 56 57